Akaka D HI -1 -1 1 1 1 -1 -1 1 1 1 1 1 1 1 -1 1 1 1 -1 1 1 1 1 1 -1 1 -1 -1 1 1 1 1 1 1 0 0 1 -1 -1 1 -1 1 -1 1 1 -1
Baucus D MT -1 1 1 1 1 1 -1 1 1 1 1 1 1 1 -1 1 1 1 1 1 1 1 1 1 -1 1 -1 1 1 0 1 1 1 1 1 1 1 -1 1 0 1 1 -1 1 1 1
Bayh D IN 1 -1 1 1 1 1 -1 1 1 1 1 1 1 1 -1 0 1 1 -1 1 1 1 1 1 -1 1 1 -1 1 1 1 1 1 1 1 0 1 -1 1 -1 1 1 -1 1 1 -1
Biden D DE -1 -1 1 1 1 1 -1 1 1 1 1 1 1 1 -1 1 1 1 -1 1 1 1 1 1 -1 1 -1 -1 1 1 1 1 1 1 1 -1 1 -1 1 1 1 1 -1 1 1 -1
Bingaman D NM 1 0 1 1 1 1 -1 1 1 1 1 1 1 1 1 1 1 1 -1 1 1 1 1 1 1 1 -1 -1 1 1 1 1 1 1 1 -1 1 -1 -1 1 -1 1 -1 1 1 -1
Boxer D CA -1 -1 1 1 1 -1 -1 1 1 1 1 1 1 1 -1 1 1 1 0 1 1 1 1 1 -1 1 -1 -1 1 -1 1 1 1 1 1 -1 1 -1 1 1 -1 1 -1 1 1 -1
Byrd D WV -1 -1 1 -1 1 1 -1 0 1 1 1 -1 1 1 -1 1 1 1 -1 1 1 1 1 1 -1 1 1 1 1 1 1 1 1 1 1 -1 1 -1 1 1 -1 1 -1 1 1 -1
Cantwell D WA 1 1 1 1 1 -1 -1 1 1 1 1 1 1 1 1 1 1 1 1 1 1 1 1 1 1 1 -1 -1 1 1 1 1 1 1 1 1 1 -1 -1 1 1 1 -1 1 1 1
Carper D DE 1 1 1 1 1 1 -1 1 1 1 1 1 1 1 1 1 1 1 -1 1 1 1 1 1 1 1 1 1 1 1 1 1 1 1 1 -1 1 1 1 1 1 1 -1 1 1 1
Clinton D NY -1 1 1 1 0 0 -1 1 1 1 1 1 1 1 -1 1 1 1 1 1 1 1 1 1 -1 1 -1 1 1 1 1 1 1 1 1 1 1 -1 1 1 1 1 -1 1 1 1
Conrad D ND 1 -1 1 1 1 1 -1 1 1 1 1 1 1 1 -1 1 1 1 -1 1 1 1 1 1 -1 1 1 1 1 1 1 1 1 1 1 -1 1 -1 1 1 -1 -1 -1 1 1 -1
Dayton D MN -1 1 1 1 1 -1 -1 1 1 1 1 1 1 1 -1 1 1 1 -1 1 1 1 1 1 -1 1 -1 -1 1 1 1 1 1 1 1 -1 1 -1 1 1 -1 1 -1 1 1 1
Dodd D CT 1 -1 1 1 1 -1 -1 1 1 1 1 1 0 1 -1 1 1 1 -1 1 1 1 1 1 -1 1 -1 -1 1 1 1 1 1 1 1 -1 1 -1 1 1 1 1 -1 1 1 -1
Dorgan D ND -1 -1 1 1 1 -1 -1 1 1 1 1 -1 1 1 -1 1 1 1 -1 1 1 1 1 1 -1 1 1 1 1 1 1 1 1 1 1 -1 1 -1 1 1 -1 1 -1 1 1 -1
Durbin D IL -1 -1 1 1 1 -1 -1 1 1 1 1 1 1 1 -1 1 1 1 -1 1 1 1 1 1 -1 1 -1 -1 1 1 1 1 1 1 1 -1 1 -1 -1 1 1 1 -1 1 1 -1
Feingold D WI -1 -1 1 -1 1 -1 -1 -1 1 1 -1 1 -1 1 -1 1 1 1 -1 1 1 1 1 1 -1 1 -1 -1 1 -1 1 1 1 1 1 -1 1 -1 -1 1 -1 1 -1 1 1 -1
Feinstein D CA 1 1 1 1 1 -1 -1 1 1 1 1 1 1 1 1 1 1 1 -1 1 1 1 1 1 1 1 0 -1 1 1 1 1 1 1 1 -1 1 -1 1 1 1 1 -1 1 1 1
Harkin D IA -1 -1 1 -1 1 -1 -1 1 1 1 1 1 1 1 -1 1 1 1 -1 1 1 1 1 1 -1 1 -1 -1 1 1 1 1 1 1 1 0 1 -1 1 1 -1 1 -1 1 1 -1
Inouye D HI -1 -1 1 0 1 1 -1 1 0 1 1 1 1 1 -1 1 1 1 -1 1 1 1 1 1 -1 1 1 1 0 1 1 1 1 1 1 -1 1 -1 -1 0 1 0 -1 1 1 -1
Johnson D SD 1 1 1 1 1 1 -1 1 1 1 1 1 1 1 -1 1 1 1 -1 1 1 1 1 1 -1 1 1 1 1 1 1 1 1 1 1 -1 1 1 1 1 -1 1 -1 1 1 1
Kennedy D MA -1 -1 1 1 1 -1 -1 1 1 1 1 1 1 1 -1 1 1 1 -1 1 1 1 1 1 -1 1 -1 -1 1 1 1 1 1 1 1 0 1 -1 0 1 -1 1 -1 1 1 -1
Kerry D MA -1 -1 1 1 1 -1 -1 -1 1 1 1 1 1 1 -1 1 1 1 1 1 1 1 1 1 -1 1 -1 -1 1 1 1 1 1 1 1 1 1 -1 -1 1 1 1 -1 1 1 -1
Kohl D WI 1 -1 1 1 1 1 -1 1 1 1 -1 1 1 1 -1 1 1 1 -1 1 1 1 1 1 -1 1 1 1 1 1 1 1 1 1 1 -1 1 -1 1 1 1 1 -1 1 1 -1
Landrieu D LA 1 1 1 1 1 1 1 1 1 1 1 1 1 1 -1 1 1 1 1 1 1 1 1 1 -1 1 1 1 1 1 0 1 1 1 1 1 1 1 1 1 1 1 1 1 1 1
Lautenberg D NJ -1 -1 1 1 1 -1 -1 1 1 1 1 1 -1 1 -1 1 1 1 -1 1 1 1 1 1 -1 1 -1 -1 1 1 1 1 1 1 1 -1 1 1 -1 1 1 1 -1 1 1 -1
Leahy D VT -1 -1 1 1 1 -1 -1 1 1 1 1 1 1 1 -1 1 1 1 0 1 1 1 1 1 -1 1 -1 -1 1 1 1 1 1 1 1 -1 0 -1 -1 1 -1 1 -1 1 1 -1
Levin D MI -1 -1 1 1 1 -1 -1 1 1 1 1 1 1 1 -1 1 1 1 -1 1 1 1 1 1 -1 1 -1 1 1 1 1 1 1 1 1 -1 1 -1 -1 1 1 1 -1 1 -1 -1
Lieberman D CT 1 -1 1 1 1 -1 -1 1 1 1 1 1 0 0 0 0 0 1 1 1 1 1 1 1 1 1 -1 -1 1 0 1 0 1 1 1 1 1 1 -1 1 1 1 -1 1 1 -1
Lincoln D AR 1 1 1 1 1 1 -1 1 1 1 1 1 1 1 1 1 1 1 -1 1 1 1 1 1 1 1 -1 1 1 1 1 1 1 1 1 -1 1 -1 1 1 1 1 -1 1 1 1
Mikulski D MD -1 -1 1 1 1 -1 -1 1 1 1 1 1 1 1 -1 0 1 0 -1 1 1 1 1 1 -1 1 -1 -1 1 1 1 1 1 1 1 -1 1 -1 1 1 1 1 -1 1 1 -1
Murray D WA -1 -1 1 1 1 -1 -1 1 1 1 1 1 1 1 1 1 1 1 0 1 1 1 1 1 1 1 -1 -1 1 1 1 1 1 1 1 1 1 -1 -1 1 1 1 -1 1 1 -1
Nelson1 D FL -1 1 1 1 1 1 -1 1 1 1 1 1 -1 1 1 1 1 1 1 1 1 1 1 1 1 1 1 1 1 1 1 1 1 1 1 1 1 1 1 1 1 1 -1 1 1 1
Nelson2 D NE 1 1 1 1 1 1 -1 1 1 1 1 -1 1 1 1 1 1 1 1 1 1 1 1 -1 1 1 1 1 1 1 1 1 1 1 1 1 1 1 1 1 1 1 1 1 1 1
Obama D IL 1 -1 1 1 1 -1 -1 -1 1 1 1 1 1 1 -1 1 1 1 1 1 1 1 1 1 -1 1 -1 -1 1 1 1 1 1 1 1 1 1 -1 1 1 1 1 -1 1 1 -1
Pryor D AR -1 1 1 1 1 1 -1 1 1 1 1 1 1 1 1 1 1 1 1 1 1 1 1 1 1 1 1 1 1 1 1 1 1 1 1 1 1 1 1 1 1 1 -1 1 1 1
Reed D RI 1 -1 1 1 1 -1 -1 1 1 1 1 1 -1 1 -1 1 1 1 -1 1 1 1 1 1 -1 1 -1 -1 1 1 1 1 1 1 1 -1 1 -1 -1 1 1 1 -1 1 1 -1
Reid D NV -1 -1 1 1 1 1 -1 1 1 1 1 1 1 1 -1 1 1 1 -1 1 1 1 1 1 -1 1 1 1 1 1 1 1 1 1 1 -1 1 -1 -1 1 1 1 -1 1 1 -1
Rockefeller D WV 1 1 1 1 1 -1 -1 0 1 0 1 0 1 1 -1 1 0 1 -1 0 1 1 1 1 -1 1 -1 1 1 1 1 1 1 1 1 -1 1 1 1 1 1 0 -1 1 1 -1
Salazar D CO 1 1 1 1 1 1 -1 1 1 1 1 0 1 1 -1 1 1 1 1 1 1 1 1 1 -1 1 1 1 1 1 1 1 1 1 1 1 1 1 -1 1 1 1 -1 1 1 1
Sarbanes D MD -1 -1 1 1 1 -1 -1 1 1 1 1 1 1 1 -1 1 1 1 -1 1 1 1 1 1 -1 1 -1 -1 1 1 1 1 1 1 1 -1 1 -1 -1 1 1 1 -1 1 1 -1
Schumer D NY 1 1 1 1 1 -1 -1 1 1 1 1 1 -1 1 -1 1 1 1 -1 1 1 1 1 1 -1 1 -1 1 1 1 1 1 1 1 1 -1 1 -1 1 0 1 1 -1 1 1 1
Stabenow D MI -1 1 1 1 1 1 -1 1 1 1 1 -1 1 1 -1 1 1 1 0 1 1 1 1 1 -1 1 -1 1 1 1 1 1 1 1 1 -1 1 1 1 1 1 1 -1 1 -1 1
Wyden D OR -1 -1 1 1 1 -1 -1 1 1 1 1 1 -1 1 1 1 1 1 -1 1 1 1 1 1 1 1 -1 -1 1 1 1 1 1 1 1 -1 1 -1 1 1 1 1 -1 1 1 -1
